Filtros Prueba Proyecto DSP 

Filtros FIR H(n)

wc (pb)=0.3, M=20
8.13E-06 0.000171848 0.001140153 0.003223605 0.001888727 -0.012836366 -0.034541898 -0.01380101 0.10272336 0.273241923 0.357563055 0.273241923 0.10272336 -0.01380101 -0.034541898 -0.012836366 0.001888727 0.003223605 0.001140153 0.000171848 8.13E-06


wc (pa)=0.3, M=20:
-4.05E-18 -0.002930144 -0.006345034 -0.003784644 0.012393095 0.034341113 0.031873356 -0.026542455 -0.137921561 -0.251454145 0.699259736 -0.251454145 -0.137921561 -0.026542455 0.031873356 0.034341113 0.012393095 -0.003784644 -0.006345034 -0.002930144 -4.05E-18

wc (bp)=0.3-0.4, M=20
-4.31E-18 -0.012609081 -0.020306867 0.006753165 0.064176557 0.067925948 -0.038963818 -0.152362031 -0.104202521 0.087323614 0.197588574 0.087323614 -0.104202521 -0.152362031 -0.038963818 0.067925948 0.064176557 0.006753165 -0.020306867 -0.012609081 -4.31E-18

wc (br)=0.3-0.4, M=20
-9.32E-19 0.006359143 0.01024137 -0.003405826 -0.032366187 -0.034257119 0.019650637 0.0768408 0.052552496 -0.044039951 0.896849275 -0.044039951 0.052552496 0.0768408 0.019650637 -0.034257119 -0.032366187 -0.003405826 0.01024137 0.006359143 -9.32E-19

Filtros IIR a_k b_k
Filtros IIR --> Ecuación Diferencia
Num, (pb)  wc=0.3  0.006933196 0.034665981 0.069331961 0.069331961 0.034665981 0.006933196
Den 1 -1.975901616 2.013473026 -1.102617978 0.327618334 -0.04070949

Num, (pa)  wc=0.3  0.201885014 -1.009425069 2.018850139 -2.018850139 1.009425069 -0.201885014
Den 1 -1.975901616 2.013473026 -1.102617978 0.327618334 -0.04070949

Num, (bp)  wc=0.3-0.4    0.002898195 0 -0.008694584 0 0.008694584 0 -0.002898195
Den 1 -2.470200222 4.418744297 -4.522867594 3.58345564 -1.62053207 0.532075368

Num, (br)  wc=0.3 -0.4   0.729440723 -2.011722593 4.03769693 -4.590154701 4.03769693 -2.011722593 0.729440723
Den   

